17063 2.571639586410635
21454 2.940119760479042
207 1.9827586206896552
361 2.1810237203495633
23906 3.15
18766 3.1666666666666665
197 2.0686274509803924
28044 1.793801119242359
1284 2.892156862745098
1803 2.5172413793103448
26506 2.811320754716981
452 1.565217391304348
27924 2.566371681415929
816 2.1875
24348 1.3571428571428572
1419 1.8281346829167526
122 2.5874125874125875
11799 2.085995085995086
28176 2.220720720720721
13022 3.125
24876 1.875
24512 2.8636363636363638
508 2.0541516245487363
27282 2.7083333333333335
235 2.0
1471 3.0
26327 2.380952380952381
27071 2.5531914893617023
264 2.1780104712041886
111 2.4516129032258065
677 2.9158878504672896
21955 3.03125
1008 2.4161220043572986
27336 2.7903225806451615
1540 2.6666666666666665
22916 3.0
1476 2.75
28034 1.96
23284 2.758364312267658
1789 2.3767123287671232
22070 2.8181818181818183
82 2.5405405405405403
395 2.6
738 2.8121827411167515
26404 2.7403314917127073
27990 2.4
22655 2.4630872483221475
24237 2.942857142857143
27886 2.7
27373 2.0
23845 3.0625
27711 2.2204301075268815
27941 2.6470588235294117
4325 2.96
613 2.618101545253863
26056 2.7246376811594204
24570 2.8969072164948453
25367 3.0
26056 2.8518518518518516
27372 2.6029411764705883
27279 2.206896551724138
26400 2.6739130434782608
27692 2.7083333333333335
25712 2.98989898989899
1015 3.0
25279 2.925
1466 2.937984496124031
1744 2.186991869918699
28252 2.74438202247191
23663 3.0
28162 2.1739130434782608
24090 2.6666666666666665
1046 2.6666666666666665
1371 3.026315789473684
3807 3.0
27615 3.0
24777 2.5085714285714285
4859 2.765625
1181 2.625
3308 2.5483870967741935
26404 2.4081632653061225
236 2.6144578313253013
1500 3.028169014084507
25110 2.188679245283019
360 2.263157894736842
26316 2.7142857142857144
5345 2.8222222222222224
679 2.375
25814 2.4285714285714284
14535 2.75
28046 3.106382978723404
25171 2.6153846153846154
25860 2.65625
27095 2.25
1077 2.786206896551724
28222 2.972972972972973
2179 2.870967741935484
24089 2.0
25753 3.25
24779 2.8313253012048194
26692 3.142857142857143
27944 2.5692307692307694
26782 2.8297872340425534
23037 3.3333333333333335
1345 2.142857142857143
3541 2.0625
28045 2.7841726618705036
27946 2.8421052631578947
25759 3.0
11117 2.9583333333333335
26441 3.3333333333333335
26133 3.0
27312 2.0833333333333335
26685 2.6666666666666665
25847 2.6315789473684212
24585 2.4615384615384617
24581 2.9047619047619047
25565 2.223076923076923
201 2.318840579710145
27647 2.2169312169312168
24012 2.8857142857142857
15443 2.528735632183908
26744 2.75
74 3.25
27470 2.9285714285714284
17445 2.5454545454545454
26869 2.6901408450704225
25603 2.25
25308 2.65
25220 2.4
23774 2.3333333333333335
1949 3.1
27866 2.122448979591837
4052 2.6666666666666665
26408 2.423076923076923
26222 3.3333333333333335
24938 2.7
26462 3.111111111111111
26320 3.4
26921 2.466321243523316
1724 2.52
28216 2.235294117647059
27004 2.9
27875 2.763888888888889
1006 2.5
1299 2.7916666666666665
27956 2.358490566037736
26134 2.898989898989899
2447 3.0
3872 3.5
27801 2.5454545454545454
27189 2.888888888888889
24976 2.1666666666666665
2734 2.6666666666666665
3468 3.142857142857143
1020 2.5090909090909093
23828 3.0
28159 2.619047619047619
27343 2.95
38 2.689265536723164
25859 3.5
21479 3.5
23917 3.0
1931 2.8181818181818183
24878 3.0
4175 3.0
1051 2.5
497 2.5929203539823007
906 3.6666666666666665
5470 2.0
25840 3.5
27174 2.6842105263157894
597 3.2
27446 2.576923076923077
328 1.7142857142857142
25163 2.6774193548387095
24388 3.25
27278 3.1666666666666665
2842 2.7747252747252746
870 2.6
1379 2.7719298245614037
1258 2.65625
26399 3.021276595744681
602 2.5168539325842696
1818 3.2
4520 2.642857142857143
440 2.769230769230769
1518 2.816901408450704
26680 2.5172413793103448
1599 2.8
24302 2.689655172413793
27708 2.888888888888889
26609 3.090909090909091
640 2.9545454545454546
26257 2.264705882352941
2247 3.0
1010 2.8333333333333335
3108 2.1666666666666665
27810 3.0
27989 2.216666666666667
26034 2.56
23357 1.9113924050632911
4288 3.0
2168 2.8773584905660377
27532 2.625
27505 2.575
24403 3.0
2882 2.4
24779 3.107142857142857
25188 3.0
774 1.7857142857142858
1877 3.0
1356 2.5306122448979593
359 2.430976430976431
28247 2.0083916083916082
27322 2.324324324324324
554 2.6784140969162995
27641 1.608433734939759
27909 2.4299065420560746
11724 2.2721518987341773
12797 2.2497661365762394
471 2.5155709342560555
25886 2.6231884057971016
6079 2.5283018867924527
750 2.3333333333333335
24227 2.3684210526315788
26274 2.0066006600660065
1439 2.125
1564 2.435483870967742
28047 2.4
483 2.7844827586206895
599 2.533333333333333
27024 2.4166666666666665
27915 1.6875
9591 2.25
26409 3.0
27558 2.536
669 3.0714285714285716
28051 3.5
27889 2.28
256 3.391304347826087
26232 1.3396226415094339
746 1.5072463768115942
26449 2.575
23542 2.3333333333333335
26233 3.0
1409 3.1538461538461537
28249 1.7422222222222221
28223 1.9014084507042253
27715 2.1238938053097347
26909 2.633986928104575
4356 2.4625
28224 1.9523809523809523
27651 2.4705882352941178
2666 2.423076923076923
23379 2.120567375886525
17312 1.955223880597015
3325 3.0416666666666665
27945 2.658536585365854
1821 3.0625
27187 3.0833333333333335
27634 3.2
9717 2.8
22730 2.9166666666666665
27467 2.06
27728 2.45
173 2.8
27629 2.3846153846153846
26751 2.7777777777777777
26740 2.0
714 3.0588235294117645
27568 2.7777777777777777
1939 3.0
27958 2.4878048780487805
86 2.1621621621621623
27452 2.25
27823 2.4
135 2.1375
27780 2.7941176470588234
495 2.7027027027027026
27099 2.6363636363636362
24043 3.0
27132 3.25
98 3.4
541 2.6363636363636362
26938 2.3823529411764706
96 3.4
26141 3.0
26489 2.6923076923076925
26042 3.0
27571 2.769230769230769
27894 2.925
27498 2.473684210526316
27110 3.3125
27888 2.6
909 2.1666666666666665
215 2.764705882352941
15231 2.903225806451613
27394 3.5
642 3.0
24034 2.2666666666666666
278 2.393939393939394
27448 2.493478260869565
604 2.923076923076923
27942 2.245614035087719
27719 2.527027027027027
1597 2.663265306122449
27142 2.4705882352941178
276 2.4871794871794872
1010 2.7195121951219514
25109 2.0357142857142856
4534 3.0
503 2.6263736263736264
27603 2.34
27978 3.1666666666666665
469 1.912280701754386
26863 2.2020725388601035
28178 2.5714285714285716
67 2.769230769230769
810 2.272727272727273
27953 2.5714285714285716
27977 3.3333333333333335
728 3.0
579 2.5
27015 2.7777777777777777
11036 3.0
26256 2.3225806451612905
27176 2.8468468468468466
26910 3.0
27961 2.3043478260869565
24018 3.3333333333333335
28013 2.25
27833 2.903225806451613
772 2.5555555555555554
2372 2.8333333333333335
26269 2.8333333333333335
477 2.888888888888889
834 2.272727272727273
27638 3.0
27596 3.0
1178 2.582089552238806
1936 2.6
153 3.0
24797 3.4
2162 3.3333333333333335
502 2.8846153846153846
1252 2.76
27806 3.3333333333333335
24147 1.6666666666666667
25584 3.0
26503 3.0
326 3.5
472 3.375
27922 2.6
27554 2.606060606060606
219 3.5
24436 3.5
476 3.2
27465 3.5
1084 2.75
1857 3.6666666666666665
27144 3.25
26416 2.6626506024096384
23539 2.8
23973 3.4
27757 3.3333333333333335
27414 3.3333333333333335
25020 3.5
27459 2.3333333333333335
19454 3.0
26280 3.1666666666666665
320 2.8333333333333335
101 3.5
27778 3.6666666666666665
25280 3.4
245 3.0
100 3.0
486 3.4285714285714284
125 2.2142857142857144
99 3.2857142857142856
1561 3.1818181818181817
27506 2.6666666666666665
26049 2.515625
26057 2.7346938775510203
4505 3.6
1836 2.5833333333333335
27366 2.5
26500 2.76
28219 2.4224137931034484
185 2.25
27718 2.9166666666666665
26599 2.2857142857142856
1742 2.63953488372093
674 2.6666666666666665
27245 2.816793893129771
26055 3.5
22131 3.5
27547 2.756476683937824
14872 2.5
27896 2.8125
25740 3.1481481481481484
621 1.6666666666666667
23338 2.3333333333333335
28069 2.7142857142857144
24558 3.5
27732 3.0
23142 3.5
27367 2.5833333333333335
787 2.357142857142857
445 3.3333333333333335
28217 2.730769230769231
26687 2.1538461538461537
28163 2.4390243902439024
27518 2.3181818181818183
20593 2.343065693430657
725 2.5693069306930694
200 2.75
417 2.3063063063063063
22026 2.25
72 3.0
194 1.8275862068965518
22254 3.3333333333333335
2437 2.240740740740741
26502 1.8608490566037736
20935 2.8793103448275863
10194 2.4081632653061225
4210 3.375
26036 2.534782608695652
1842 2.310734463276836
25310 1.710144927536232
24641 1.9610389610389611
7033 2.4444444444444446
26319 2.0
22686 2.673076923076923
26643 2.43859649122807
410 2.1481481481481484
27970 3.0
1534 2.305732484076433
75 2.4166666666666665
24262 2.9814814814814814
27135 2.305084745762712
27562 3.0
27369 2.111111111111111
25130 2.3157894736842106
4692 1.9230769230769231
2507 2.6666666666666665
4910 2.2857142857142856
27100 2.3209876543209877
1468 2.4901960784313726
916 2.9375
25496 3.375
27483 2.7027027027027026
5424 2.230769230769231
26943 2.5527950310559007
24619 1.4545454545454546
18642 2.5984848484848486
403 2.732142857142857
3673 1.8819444444444444
1180 1.9619047619047618
3003 2.029940119760479
3818 2.0256410256410255
27785 2.5273972602739727
1658 2.7872340425531914
1596 2.864864864864865
26428 2.1974522292993632
27262 2.9310344827586206
575 3.0
446 2.5
27281 2.0
600 2.0533333333333332
21464 2.91044776119403
371 2.696969696969697
27266 2.4545454545454546
27332 2.621212121212121
27481 1.9090909090909092
25293 2.8823529411764706
27239 2.3012048192771086
26993 2.625
27721 2.823529411764706
27314 2.341463414634146
27786 3.0
27811 2.4054054054054053
28155 2.8181818181818183
525 2.625
689 3.0
27704 2.175
2013 2.4615384615384617
659 3.0
2442 2.6315789473684212
25655 3.0303030303030303
28234 1.7340425531914894
24100 2.4390243902439024
26750 2.3185840707964602
2480 1.8
27760 2.3066666666666666
28236 3.0
28250 1.4747474747474747
634 3.125
27280 2.5450236966824646
27674 2.576923076923077
1405 2.6551724137931036
940 2.595744680851064
741 2.4615384615384617
417 2.142857142857143
257 2.5833333333333335
2058 2.185185185185185
823 2.081081081081081
106 3.0
193 2.388059701492537
28214 1.7096774193548387
21198 2.7222222222222223
25321 2.6666666666666665
25217 2.193548387096774
27881 1.8
107 3.0
3584 2.375
1253 2.6470588235294117
27313 2.1538461538461537
26089 2.9523809523809526
182 3.2857142857142856
28172 3.0
1575 2.9642857142857144
2201 2.9393939393939394
21695 2.9473684210526314
879 2.5714285714285716
1177 2.852112676056338
16640 2.3125
3419 2.4285714285714284
27479 2.578125
23343 2.1451612903225805
26142 2.213235294117647
3406 2.696969696969697
2236 2.7421875
25284 2.6666666666666665
1396 3.0833333333333335
27858 2.7142857142857144
22401 3.0
26541 1.9259259259259258
4974 1.625
4268 2.4
22127 3.4
3064 2.625
898 2.857142857142857
196 2.7954545454545454
22218 2.3636363636363638
27424 2.3448275862068964
27540 2.2542372881355934
24015 2.4909090909090907
26103 1.9743589743589745
2808 3.0
27086 3.5
25539 2.3636363636363638
3897 3.0
27731 2.6027397260273974
26288 2.6666666666666665
26601 2.6511627906976742
26888 2.5
1533 2.4545454545454546
1028 2.923076923076923
28072 2.8181818181818183
891 3.0
91 2.4444444444444446
778 3.0
27738 2.8484848484848486
27487 2.8333333333333335
27499 2.452513966480447
28169 2.513157894736842
23017 3.0259740259740258
23044 2.4
3213 2.7777777777777777
24622 2.736842105263158
25768 1.8181818181818181
24538 2.7096774193548385
23599 2.5294117647058822
27549 2.7037037037037037
27986 2.727272727272727
24997 2.0588235294117645
24151 3.05
28255 2.5833333333333335
1941 3.1666666666666665
27490 3.0
806 2.1578947368421053
28248 2.72972972972973
4035 3.25
644 2.7169811320754715
27316 1.8846153846153846
27748 2.3636363636363638
26254 2.3
28218 2.4
24634 3.3333333333333335
26386 2.1785714285714284
28231 2.142857142857143
9852 2.5172413793103448
27578 2.7142857142857144
24704 2.1666666666666665
2225 3.3333333333333335
28220 2.5
25698 3.0
26588 1.8333333333333333
40 3.0
23514 2.0
26092 2.0294117647058822
24372 2.689655172413793
26529 2.7777777777777777
24392 2.7049180327868854
27788 2.3
25355 2.1686746987951806
27222 2.6944444444444446
26468 3.0
27423 1.546875
21454 2.423076923076923
27136 3.076923076923077
89 2.5454545454545454
26324 2.0
77 2.7857142857142856
27359 3.0
25996 3.0
27980 2.75
27979 2.8
2595 2.7567567567567566
27061 1.7727272727272727
4603 3.0
3257 3.5
25304 2.25
22629 3.3333333333333335
27190 2.1538461538461537
2767 2.8823529411764706
1339 2.909090909090909
26273 3.0
1972 2.8714285714285714
26379 2.5454545454545454
1120 2.4444444444444446
732 2.392156862745098
27165 2.8333333333333335
1880 3.0
28074 2.1176470588235294
785 2.4
24842 1.9655172413793103
4748 2.6666666666666665
3572 2.5
2758 1.8888888888888888
1276 3.142857142857143
27426 2.4166666666666665
80 1.6363636363636365
546 2.235294117647059
2459 2.7746478873239435
26669 2.647887323943662
828 1.5957446808510638
27702 2.274336283185841
1157 2.2790697674418605
473 1.9142857142857144
1569 2.6333333333333333
247 2.4210526315789473
1337 2.5760869565217392
3526 2.8333333333333335
26809 3.0
1654 2.7037037037037037
5533 2.8076923076923075
378 2.7142857142857144
26572 1.9259259259259258
22167 2.510204081632653
1028 1.9558823529411764
28028 2.2580645161290325
28027 2.111111111111111
22416 2.0714285714285716
26925 2.3684210526315788
27493 2.5348837209302326
22102 3.0
965 2.784313725490196
353 2.6129032258064515
24493 2.9342105263157894
27962 3.3333333333333335
461 3.2857142857142856
19457 2.484848484848485
3448 3.25
23262 2.1666666666666665
3010 3.0
21063 3.5
24693 3.3333333333333335
5881 3.0
13700 2.9565217391304346
22578 2.015810276679842
4297 2.1666666666666665
1638 2.642857142857143
24807 2.727272727272727
3283 2.75
24295 2.8260869565217392
4096 2.75
631 2.4814814814814814
2461 3.0
4311 3.5
586 2.4166666666666665
934 2.0
21252 3.125
183 1.4069767441860466
25790 2.727272727272727
27390 2.7916666666666665
1467 2.675675675675676
26757 1.7010309278350515
28043 1.9
25385 2.5538461538461537
9365 2.6
23289 1.9210526315789473
24341 2.5625
24777 2.973684210526316
7420 2.744186046511628
903 2.4731182795698925
2333 2.5714285714285716
638 2.36734693877551
27911 2.3703703703703702
23618 2.642857142857143
24209 3.0
3330 3.0
10769 2.5
24513 2.5
24492 2.5625
2051 2.7
442 2.4615384615384617
24978 2.6666666666666665
3933 3.0
26881 2.8125
1508 3.0714285714285716
607 2.4444444444444446
26981 2.5
1887 2.7222222222222223
27899 2.0
1364 2.2830188679245285
25766 2.619047619047619
27203 3.25
20591 3.0
15399 2.5
1278 2.85
1041 3.3333333333333335
140 2.3846153846153846
1342 2.642857142857143
25458 3.5
26967 2.6
1839 3.1818181818181817
24294 2.823529411764706
27194 2.6153846153846154
24006 2.0357142857142856
24890 2.3333333333333335
684 3.0
2042 2.3333333333333335
293 3.5
27127 3.5
384 3.0
335 3.0
343 3.0
24737 2.7142857142857144
27779 3.0
653 2.230769230769231
2888 2.4
26753 3.066666666666667
3859 3.5
25196 3.0
26075 2.8
702 2.5833333333333335
1149 2.66
1141 2.6470588235294117
1625 2.588235294117647
27451 3.4
4124 3.5
2590 3.0
285 2.6153846153846154
27632 3.2
1918 2.5384615384615383
877 2.3181818181818183
27277 2.2739726027397262
1292 2.5714285714285716
26035 2.5405405405405403
26549 2.5652173913043477
25907 2.6
26498 2.6666666666666665
26088 2.5217391304347827
26593 2.6315789473684212
28180 2.5714285714285716
711 3.0
18717 2.230769230769231
5810 3.5
27631 3.0
28171 3.0
512 2.5
27415 2.4285714285714284
28229 3.3333333333333335
24478 2.6666666666666665
685 3.2
869 3.0
883 2.142857142857143
27509 2.4
1302 2.871794871794872
27089 2.8333333333333335
25353 2.5714285714285716
4580 1.9615384615384615
1853 2.75
24672 3.3076923076923075
23875 3.0
27129 3.3333333333333335
26138 2.84375
1275 3.3333333333333335
1577 3.5714285714285716
26200 3.0
4786 2.727272727272727
654 2.375
26641 2.6666666666666665
1871 2.857142857142857
651 3.0625
22216 3.0
26331 2.6
1083 1.826086956521739
26972 1.8
2807 2.7777777777777777
1417 2.888888888888889
27821 2.3846153846153846
3009 3.0
27921 2.8
2747 3.0
26482 2.6666666666666665
1212 2.5
416 2.4615384615384617
27317 2.3333333333333335
24148 2.6153846153846154
27988 2.652173913043478
3923 2.8214285714285716
25754 2.5714285714285716
27215 2.857142857142857
27098 2.4651162790697674
484 3.0
27768 2.6923076923076925
27421 2.0476190476190474
27695 3.3333333333333335
27541 2.4411764705882355
569 2.369565217391304
27249 2.861111111111111
27720 2.75
28173 2.6666666666666665
157 2.5
27456 3.0
645 3.1875
27473 2.8181818181818183
24491 1.5714285714285714
856 2.8857142857142857
24634 2.9545454545454546
2265 3.0588235294117645
26430 2.7916666666666665
26149 3.0
26423 2.923076923076923
25369 2.6944444444444446
2626 2.6470588235294117
1146 2.25
26566 2.466666666666667
4437 3.3846153846153846
1254 3.0
769 2.8
27796 2.4545454545454546
27797 2.3076923076923075
24610 1.9333333333333333
27111 2.8125
27809 2.6
3410 3.0
1330 2.0956521739130434
601 2.8
24206 2.4444444444444446
199 2.735294117647059
27595 3.0
710 2.4615384615384617
26510 2.4285714285714284
4420 1.92
26123 2.40625
1465 3.0
1825 2.5185185185185186
387 3.1
25734 2.4
724 2.4
595 2.6666666666666665
1446 2.75
25109 2.6551724137931036
26242 2.6
303 3.0
1347 2.6666666666666665
210 2.466666666666667
605 2.272727272727273
21092 2.25
117 2.683333333333333
28215 2.7142857142857144
28221 2.9047619047619047
2118 2.0833333333333335
25963 3.076923076923077
2115 1.8
27862 2.4827586206896552
112 2.3181818181818183
26767 3.2
27879 2.6666666666666665
26077 3.142857142857143
1004 2.8461538461538463
27822 3.4
27876 2.8333333333333335
26031 3.2
297 3.0
1232 1.4782608695652173
21305 3.2
28253 2.8636363636363638
26966 3.2222222222222223
87 2.1724137931034484
1357 3.25
4417 2.5
23949 2.4
27196 2.24
23975 3.5
24708 2.2666666666666666
17940 3.5
3098 2.1621621621621623
18602 2.5833333333333335
1957 2.375
4011 3.0
2081 3.090909090909091
3274 3.0
2487 2.34375
17033 2.5714285714285716
23443 3.2857142857142856
22414 3.0
22957 1.9705882352941178
22320 1.3829787234042554
27840 3.0
22964 3.0
2554 3.0
3552 2.8461538461538463
25393 2.3043478260869565
27750 3.0
20972 2.282608695652174
25569 2.6666666666666665
307 1.7619047619047619
24452 3.0
26558 3.0
27345 2.6
1428 3.25
2351 3.0
26190 3.0
2137 2.4556962025316458
23800 1.6666666666666667
2231 2.611111111111111
28226 2.375
4217 3.0
24301 3.5
1916 2.7058823529411766
739 2.6923076923076925
25064 2.4878048780487805
27872 3.111111111111111
28073 2.642857142857143
22220 3.1818181818181817
24324 2.388888888888889
50 3.0
23433 2.7333333333333334
28042 3.5
27891 3.0
27746 3.5
28147 3.0
226 3.0
119 3.0
51 3.0
27892 3.5
28144 3.0
28146 3.0
53 3.0
28150 2.6666666666666665
21079 2.3125
24706 3.142857142857143
4856 3.1333333333333333
21619 3.0
609 2.0
21842 3.3333333333333335
26165 3.0
1672 1.7142857142857142
16859 2.0
1775 1.6666666666666667
26523 3.0
23450 2.588235294117647
1296 3.5
1348 3.5
3747 2.5625
4098 3.3333333333333335
25538 3.3333333333333335
19568 2.0
27248 2.6
1573 2.5555555555555554
4053 2.6666666666666665
24459 2.875
1985 2.7916666666666665
27836 1.6
852 2.3
24915 2.6923076923076925
25126 2.7761194029850746
21194 3.3333333333333335
1368 2.5
21601 3.0
27904 3.3333333333333335
24596 3.125
4653 2.642857142857143
23193 2.6666666666666665
20487 1.6363636363636365
23841 3.0
27869 3.5
612 2.58974358974359
12581 2.323529411764706
14820 1.7307692307692308
1563 3.0
22591 3.6666666666666665
4041 3.5
23510 3.0
271 3.1666666666666665
23385 2.7804878048780486
26407 1.826086956521739
27939 3.25
2267 3.125
1852 3.1
25575 2.75
825 2.857142857142857
25739 3.0
26980 2.3333333333333335
1198 2.2413793103448274
21690 3.2857142857142856
25453 2.5714285714285716
3378 2.2222222222222223
17010 2.727272727272727
3867 2.6666666666666665
23636 3.0
1441 3.0
24449 3.6
21662 3.0
1560 2.1666666666666665
1751 2.6666666666666665
24732 3.0
977 2.5555555555555554
26205 3.3333333333333335
1734 3.6666666666666665
1553 3.3333333333333335
24664 3.0
14270 2.0869565217391304
26398 3.375
20654 3.3333333333333335
23219 2.3333333333333335
2866 3.1333333333333333
27893 3.0
3759 3.0
25885 3.0
25752 3.0
24717 2.25
347 2.2857142857142856
2503 3.0
727 3.25
25318 2.75
25226 3.5
3796 3.3333333333333335
23290 2.75
3598 1.7
24030 2.2857142857142856
1715 3.0
26343 3.0
2273 3.0
1627 2.0
25657 3.0
25716 3.0
295 2.8484848484848486
1399 2.769230769230769
1130 2.710526315789474
1133 2.625
26314 2.3857142857142857
27263 2.3333333333333335
23448 2.6666666666666665
25944 3.5
21393 2.25
27249 2.466666666666667
27439 2.6666666666666665
27308 2.125
4322 2.6666666666666665
28075 2.5
27984 3.5
27987 2.1666666666666665
21885 3.0
21895 2.75
27714 3.2857142857142856
26890 1.8461538461538463
467 3.1666666666666665
1134 2.857142857142857
27644 2.3333333333333335
18448 2.0
506 2.0
24805 3.0
26261 2.6
27080 2.4285714285714284
25834 2.0833333333333335
27276 3.0
25591 2.75
27426 2.9444444444444446
3087 2.6666666666666665
16507 2.090909090909091
2559 2.36
1368 2.8181818181818183
520 2.6
26263 2.6153846153846154
26044 2.9
2557 3.3636363636363638
2262 3.3333333333333335
25911 1.8333333333333333
21881 2.75
25593 2.0
26291 3.2
73 2.0
28032 3.1
3022 2.125
24820 2.230769230769231
4054 3.111111111111111
27005 3.0
23980 2.1666666666666665
27560 3.0
27580 3.0
1506 3.2
26904 2.736842105263158
23889 2.75
819 1.25
23176 3.0
22110 3.0
26706 2.857142857142857
3143 3.0
27803 3.0
242 3.05
25215 2.8333333333333335
22088 3.5
26453 2.4
24094 3.0
25370 3.0
1014 2.6666666666666665
27954 2.0555555555555554
25822 3.0
4280 3.0
649 2.4838709677419355
27238 3.25
3866 2.625
2198 3.0
23487 3.5
25943 3.1666666666666665
3507 3.5
25234 3.0
3119 3.0
2634 3.5
24882 3.5
22906 3.0
24894 3.0
24975 3.0
23389 3.0
24688 3.5
24934 3.75
22122 3.0
3661 3.0
2890 3.0
24836 3.0
23496 3.0
25919 3.0
24548 3.5
23613 3.0
25443 3.0
1429 2.3333333333333335
24691 2.823529411764706
23679 3.0
25331 2.0
4813 3.0
2268 3.0
27729 3.0
24246 2.1666666666666665
27364 3.0
2765 3.5
2853 3.0
3391 3.0
24354 3.0
2252 3.0
24455 3.0
27827 2.5555555555555554
27677 3.0
27645 2.25
24269 3.0
27787 2.3529411764705883
5115 2.4594594594594597
2276 2.75
25904 3.0
27544 2.9473684210526314
517 3.0
459 2.6
155 2.3846153846153846
27964 2.2758620689655173
27985 2.0
23517 3.076923076923077
15318 3.0
24193 2.6666666666666665
2714 1.8571428571428572
1647 2.9166666666666665
27574 2.5
187 2.764705882352941
26144 3.0
27783 2.3
1074 2.6666666666666665
27920 3.0
1121 3.0
678 3.3333333333333335
3725 3.142857142857143
1741 3.142857142857143
24723 3.0
25883 2.5
27943 2.6666666666666665
627 3.2857142857142856
28239 2.357142857142857
27079 3.0625
27454 2.6666666666666665
26536 2.3076923076923075
27273 2.3333333333333335
623 2.90625
27344 2.75
26395 2.769230769230769
24071 2.625
13040 3.0
4039 2.55
3561 2.625
23153 3.3333333333333335
21993 2.6666666666666665
23888 3.0
3492 3.5
27525 2.5
27657 3.0
25733 2.7142857142857144
25342 2.3333333333333335
23533 2.2
1362 2.9444444444444446
4907 3.0
3465 2.7777777777777777
25889 3.25
22067 3.2
24213 3.6
27618 2.5
22163 3.0
27660 2.8
27164 3.5
27938 2.6666666666666665
254 3.5
3619 2.888888888888889
27698 2.9166666666666665
268 3.0
27722 3.5
27294 3.0
1375 3.08
28064 3.0
25821 2.4166666666666665
28049 2.2857142857142856
26690 3.5
4107 3.0
2090 3.0
2049 3.1666666666666665
168 2.3333333333333335
28161 2.25
3638 3.0
27539 2.5555555555555554
3925 3.0
24334 2.7037037037037037
24377 3.0
11493 2.0
1716 3.0
379 3.0555555555555554
25307 3.0
25675 3.0
26801 3.25
881 2.7142857142857144
1365 2.5789473684210527
25306 2.5
20468 2.8461538461538463
2427 3.0
21816 3.0833333333333335
16275 3.0
2936 2.8461538461538463
26260 3.0
22847 2.3333333333333335
21338 3.3125
1484 2.642857142857143
3644 3.125
26496 3.3333333333333335
2292 3.5
24344 2.75
27727 2.375
24731 3.0
4184 2.2857142857142856
25922 3.5
261 2.4
28288 2.8
27609 3.0
11902 2.0
25761 2.769230769230769
24031 2.888888888888889
2701 2.6315789473684212
23913 2.090909090909091
27360 3.3333333333333335
1124 2.7777777777777777
1138 1.8095238095238095
2548 3.4
27501 2.5454545454545454
1808 2.761904761904762
27480 2.25
26396 2.3333333333333335
2527 2.727272727272727
12072 2.75
545 2.6666666666666665
195 2.0
27839 3.0
837 2.5
656 3.25
24610 2.2666666666666666
24111 2.625
2019 2.4
25312 2.5833333333333335
25987 3.0
25111 3.3333333333333335
26221 3.0
24927 3.3333333333333335
2741 2.769230769230769
26266 3.0
22335 2.6666666666666665
10668 2.4
2356 3.0
1457 3.0
21917 3.0
25303 2.8
686 3.0
24263 3.5
26125 2.3333333333333335
1713 3.0
24500 2.923076923076923
26170 2.25
1612 3.0
25941 3.2
24061 3.0
23417 3.6666666666666665
21413 2.923076923076923
95 2.75
646 2.7777777777777777
530 3.375
25410 3.263157894736842
23691 1.8095238095238095
25077 1.5333333333333334
3676 2.1666666666666665
25728 3.3333333333333335
1291 3.0
273 2.3529411764705883
21638 2.4285714285714284
4452 2.857142857142857
23194 2.152173913043478
26030 3.5
4036 3.6666666666666665
12599 2.8
27115 3.25
26941 2.6666666666666665
27529 3.0
529 3.5
27097 2.909090909090909
3745 2.7142857142857144
549 3.0
27666 2.5833333333333335
24298 2.6666666666666665
2497 1.4545454545454546
23409 3.5
23444 3.5
1461 3.0
25661 3.0
882 2.857142857142857
25622 3.6666666666666665
24727 2.857142857142857
25374 2.142857142857143
3096 3.1666666666666665
5245 2.7333333333333334
2080 3.5
26157 3.5
27929 3.4
2192 3.0
2139 3.0
3977 2.6
1677 1.5555555555555556
4093 2.75
25839 3.142857142857143
26781 3.5
27269 3.25
24376 3.25
25090 3.0
3292 2.3636363636363638
27982 3.0
23523 3.25
1496 2.4
22273 2.75
28153 3.0
26074 3.3333333333333335
1049 2.8529411764705883
27819 3.5
24947 2.533333333333333
24276 3.5714285714285716
622 3.5
1479 3.125
26060 3.0
1709 3.0
1882 3.3333333333333335
246 3.0
26422 2.75
1936 1.9
4566 3.2857142857142856
25039 1.7777777777777777
21191 3.6666666666666665
24058 3.0
26918 2.857142857142857
6252 3.0
76 2.5652173913043477
1984 2.9
26975 2.8333333333333335
944 2.25
24293 3.0
25935 3.1666666666666665
28014 2.0
970 2.3333333333333335
1592 3.0
3216 3.0
27300 3.0
779 2.857142857142857
1720 3.0
26393 3.0
24553 3.0
22981 3.4
129 2.8
141 2.7142857142857144
26485 1.9565217391304348
27724 3.0
27991 3.0
27388 3.3333333333333335
1272 2.75
26011 3.111111111111111
27304 2.0
25737 3.25
26598 3.0
25685 3.0
1156 3.0
23885 2.3333333333333335
3650 2.75
27543 3.5
90 2.7
136 3.3333333333333335
844 3.5
27654 2.6666666666666665
831 2.9
24420 3.0
815 2.2666666666666666
27087 3.0
21464 3.5
1129 2.0476190476190474
28050 2.35
300 2.4
2404 3.3333333333333335
3790 3.0
23559 3.3333333333333335
25614 3.3333333333333335
22048 3.3333333333333335
6132 3.0
1496 3.2
21635 3.25
3453 2.5454545454545454
22104 2.2
3645 2.6666666666666665
23018 2.1333333333333333
19439 3.0
24833 2.75
1343 2.9
4943 2.6
26418 2.5
22154 2.8
23040 3.0
22353 3.0
3936 3.4
25519 3.0
26525 3.3333333333333335
22570 3.0
3217 2.8
23354 3.090909090909091
7040 3.0
22439 3.0
22862 2.5
2053 3.0
22291 3.0
846 2.6666666666666665
24987 3.0
4306 2.6666666666666665
24970 3.5
1653 3.4
1567 3.5
14943 3.0
1604 3.5
24635 3.0
24584 3.3333333333333335
21189 2.5454545454545454
27034 3.2
27710 2.6666666666666665
1538 2.25
25666 3.3333333333333335
4578 3.0
2237 2.75
1537 3.0
3482 3.0
27868 3.0
10760 3.3333333333333335
27214 3.5
15886 3.0
580 2.75
21580 3.0
26509 3.0
24668 3.0
3682 2.6666666666666665
24478 3.0
27469 3.1
24775 3.0
1229 3.5
26983 2.6666666666666665
27186 3.0
26913 3.0
27201 3.3333333333333335
21367 1.75
27685 3.5
22172 3.1666666666666665
21348 3.3333333333333335
709 3.5
3641 2.923076923076923
368 3.1666666666666665
2366 3.6666666666666665
4579 2.272727272727273
23768 3.4
540 2.8333333333333335
23792 2.6
24826 3.0
3076 3.5
25024 3.0
25187 3.2
25470 3.4
22467 3.3333333333333335
1904 3.5
1531 3.6666666666666665
618 3.0
25895 3.0
2248 3.5
24818 3.6666666666666665
22610 3.5
1450 2.5555555555555554
24607 2.642857142857143
24817 3.3333333333333335
27751 3.5
26391 3.2
27662 2.6
20211 3.4285714285714284
2281 2.9166666666666665
1791 2.8333333333333335
26450 2.8181818181818183
25202 3.3
25771 3.5
9122 3.25
1158 3.0
25678 3.5
24697 2.857142857142857
25338 3.0
25507 3.5
26239 3.0
26173 3.0
1758 2.769230769230769
2254 3.4
25074 3.2222222222222223
25378 2.5
26759 3.3333333333333335
4224 3.6666666666666665
25372 2.75
1415 2.8333333333333335
26021 3.0
1397 3.0
23764 3.0
687 3.6666666666666665
24764 3.0
1355 3.0
536 2.375
501 2.6
9209 3.0
698 3.142857142857143
26672 3.0
21903 2.6666666666666665
22908 2.235294117647059
22069 3.3333333333333335
3370 3.0
2160 3.0
26457 2.789473684210526
26773 3.0
22089 3.0
26709 2.6
4000 3.1538461538461537
3431 3.0
27476 3.0
20679 2.5
27113 2.272727272727273
22239 3.0
26695 3.0
443 3.0
23844 3.0
20640 3.6666666666666665
4143 3.5
23660 2.9
24979 3.4
24009 3.5
26026 3.0
21860 3.5
24018 3.0
26083 2.9
2506 3.0
1024 1.6666666666666667
510 2.1666666666666665
79 2.6666666666666665
27341 3.5
22585 2.8333333333333335
24911 2.8
26419 3.0
24222 2.923076923076923
17849 1.8333333333333333
27812 3.6
666 3.5
198 3.0
693 2.8
3769 2.8333333333333335
27007 3.5
26037 3.0
3839 3.0
841 3.0
27338 3.1666666666666665
26754 2.466666666666667
2395 2.0
22033 3.5
3152 3.2857142857142856
24669 3.6
23166 2.857142857142857
23649 2.5
4065 3.0
27204 3.2
5463 2.5714285714285716
22253 2.6666666666666665
601 3.0
28065 2.0
3711 3.25
20383 3.0
3578 3.0
27762 1.8571428571428572
27636 3.0
27258 3.0
1879 2.2857142857142856
22684 2.6666666666666665
829 3.0
11162 3.5
344 3.5
26067 3.0
3084 2.8333333333333335
2490 2.0
25991 3.0
2075 3.0
24347 2.6666666666666665
27088 2.411764705882353
23185 2.3333333333333335
26179 3.1666666666666665
25757 2.25
23325 2.625
27585 2.857142857142857
88 2.75
619 3.4
316 2.6
228 3.0
585 3.25
21023 3.3333333333333335
28066 3.1666666666666665
13184 3.0
4169 3.25
23376 3.0
26799 3.1666666666666665
2848 3.0
1154 3.0
26654 3.0
102 2.5
25641 3.5
161 3.0
165 3.0
164 3.0
27620 3.3333333333333335
24701 3.0
23264 3.0
25281 3.0
28003 2.7777777777777777
22354 3.0
121 3.2857142857142856
419 3.0
24554 3.0
1933 2.7142857142857144
6242 2.2222222222222223
21158 2.7142857142857144
26526 2.875
1434 3.0
25309 2.6666666666666665
9299 2.6666666666666665
25854 3.0
1483 3.142857142857143
25313 3.0
673 3.0
23786 3.5
23812 2.25
3940 2.8333333333333335
3157 3.0
24176 3.0
22613 3.5
26479 3.0
1590 2.6666666666666665
21863 3.0
2762 3.0
26659 3.6666666666666665
7606 3.6666666666666665
23343 2.5
27535 3.0
158 3.0
5838 3.0
27363 2.6
28149 3.0
27406 3.0
28244 2.8181818181818183
221 3.0
4444 3.4
21487 3.75
23569 3.5
2969 3.0
202 1.9090909090909092
25201 3.0
28040 2.375
24819 3.5
1353 2.125
672 3.5
26694 2.6923076923076925
218 2.5
1752 3.0
412 3.0
611 3.6666666666666665
2241 3.5
560 3.5
27882 3.5
26206 2.1538461538461537
504 2.5714285714285716
23675 3.2222222222222223
25808 3.0
24196 3.0
24546 3.0
21399 1.5714285714285714
25652 2.8
26087 3.0
23509 3.5
858 3.1666666666666665
25729 3.0
27467 3.142857142857143
2854 3.6666666666666665
2451 3.5
1551 3.5
21810 3.2222222222222223
4278 3.0
949 2.5
742 2.5
1143 3.25
855 3.0
399 3.5
730 3.5
27394 3.0
27112 2.6666666666666665
731 3.5
25715 3.0
237 2.857142857142857
109 3.076923076923077
558 3.25
27937 1.5714285714285714
694 3.1
1507 3.0
4127 3.5
28002 3.0
25481 3.0
26155 2.2
25205 3.0
1344 2.3333333333333335
1529 3.0
28016 1.9090909090909092
270 2.5
2594 2.5
20515 1.4444444444444444
27832 2.3333333333333335
48 3.0
28041 1.6666666666666667
4481 3.0
25257 3.0
25223 3.0
24068 3.0
24418 2.0
14022 3.0
2422 3.0
466 3.2857142857142856
28060 3.3333333333333335
26174 2.6
21070 3.3333333333333335
21950 3.5
2505 3.5
22522 3.5
1970 3.5
22573 3.0
1611 3.5
229 3.5
25693 2.8333333333333335
4885 3.5
22271 2.375
205 3.0
4205 3.3333333333333335
26004 3.6666666666666665
22395 3.0
491 3.0
25521 3.0
24202 3.0
861 3.3333333333333335
24739 3.0
26085 3.5
23218 3.5
26147 3.0
28020 3.0
25720 2.888888888888889
1209 2.5
25682 3.5
2008 3.3333333333333335
27633 3.0
27639 3.0
663 2.6666666666666665
377 3.0
26884 2.3333333333333335
397 3.0
274 3.0
375 3.0
639 3.0
372 3.0
28237 3.0
1704 2.5555555555555554
28005 3.0
25283 3.0
83 3.0
27013 3.0
23270 3.5
299 3.0
4568 3.0
860 3.0
726 3.0
302 3.0
27976 3.0
27753 3.0
729 3.0
4672 3.0
21304 3.6666666666666665
26323 3.5
26218 3.5
356 2.875
20827 3.0
24886 3.25
25152 3.0
602 2.857142857142857
28033 2.0
311 2.5
23516 3.3333333333333335
1671 3.5
21841 3.0
4772 2.4
103 3.0
2500 3.5
24747 3.5
26484 2.857142857142857
27949 3.0
28070 2.25
27503 3.0
26110 3.2
2619 3.3333333333333335
22868 2.625
27763 2.6666666666666665
1593 3.0
27734 3.5
27825 3.0
28225 2.6666666666666665
26688 3.0
26202 3.3333333333333335
1937 3.5
27813 3.0
26059 2.6153846153846154
28188 3.25
92 2.0
406 3.5
388 3.0
28230 1.6666666666666667
27605 3.0
21946 2.0
13311 1.8
24740 2.6666666666666665
22153 3.6666666666666665
26486 3.0
14481 3.0
2926 2.3333333333333335
25995 3.0
21165 3.5
27295 3.0
39 3.25
27597 2.75
1066 3.1666666666666665
27594 3.0
411 3.0
27814 3.0
27867 2.3333333333333335
24771 2.3333333333333335
394 2.25
27604 2.3333333333333335
24863 3.5
24063 3.5
3236 3.0
23744 2.75
27861 2.6666666666666665
27588 3.3333333333333335
27756 3.5
27461 3.0
20506 3.0
248 2.5555555555555554
27085 2.3333333333333335
2986 3.0
3008 3.6666666666666665
2275 3.0
27613 3.5
4421 3.0
2584 2.3333333333333335
21303 2.3333333333333335
27118 3.0
6288 2.75
943 3.2857142857142856
871 3.6666666666666665
27303 2.8333333333333335
25612 3.5
1598 2.0
27114 3.0
25638 3.0
25390 3.0
367 3.0
126 3.0
1047 2.2857142857142856
27441 3.0
523 2.3333333333333335
2339 3.5
150 2.0
133 3.0
27424 2.6666666666666665
514 3.0
27196 3.25
24563 3.0
380 3.5
25164 3.5
664 3.0
26786 3.5
26433 3.5
734 3.0
4415 3.0
1834 3.1666666666666665
25548 3.5
23057 3.25
22528 1.75
28062 3.3333333333333335
26231 3.0
28071 3.6666666666666665
27835 3.5
28052 1.8
28053 3.5
28059 3.0
28061 3.0
28063 3.0
27847 3.0
27844 3.0
21261 3.5
20679 3.0
27485 3.0
21424 3.0
26937 3.0
25026 2.3333333333333335
25122 3.0
16412 3.0
25486 2.5
26768 2.0
27432 3.5
26974 3.0
556 3.0
26064 3.4
770 3.0
524 2.3333333333333335
18781 2.5
2413 3.5
25959 3.0
3954 3.0
9369 3.0
24233 3.0
22940 3.3333333333333335
24600 3.0
23154 3.5
4823 3.0
2389 3.0
25962 3.5
821 3.0
23392 3.0
189 3.0
24123 3.5
2443 3.0
66 2.75
26100 2.25
1691 3.0
1486 2.857142857142857
1589 3.0
26431 3.5
1493 3.0
25501 2.5
1352 3.6666666666666665
1063 3.0
27584 3.5
26397 3.0
27548 3.0
2432 3.0
1913 3.3333333333333335
26192 3.25
25856 3.0
20623 3.0
26051 3.5
27817 3.3333333333333335
2066 3.0
2878 3.0
24792 2.25
68 2.5
27389 3.0
24694 3.0
22937 3.0
23182 3.0
27315 3.5
24919 3.5
1870 3.0
26566 3.5
27356 3.0
6947 3.0
26047 3.0
21635 3.0
1132 1.6666666666666667
3956 1.75
2563 2.9166666666666665
131 3.0
490 2.5
301 2.0
21721 2.875
13943 3.5
27950 2.0
4716 3.0
27905 3.3333333333333335
518 3.5
22279 3.25
22391 3.0
391 3.0
27902 3.4
27491 3.0
3630 3.6
21072 3.5
4552 3.0
26216 3.1666666666666665
27396 3.0
27489 3.5
788 3.0
4264 1.8333333333333333
25836 3.0
3838 3.0
26696 3.0
3850 3.0
23498 3.0
2195 3.0
1707 3.0
2429 3.0
25592 3.0
25142 3.0
24022 3.0
2921 3.0
23969 3.0
18810 3.0
24407 3.5
3188 3.0
20430 3.0
25595 3.0
25151 3.0
15934 2.75
23072 3.0
24232 3.5
3177 3.5
25590 3.0
2784 3.0
3447 3.0
23965 3.0
21679 3.3333333333333335
1126 3.3333333333333335
21829 3.0
1830 3.3333333333333335
23898 3.0
23791 3.0
23615 3.0
2729 3.5
19616 3.0
3385 3.0
24646 3.3333333333333335
3534 3.5
2481 3.5
1340 3.0
24278 3.0
1603 3.5
3894 3.5
24254 3.3333333333333335
25067 3.0
26072 3.0
23007 3.0
26027 3.0
2209 3.0
25042 3.0
2934 3.0
24481 3.5
25068 3.0
23239 3.0
3120 3.0
23999 3.0
2445 3.0
22961 3.5
2486 3.4
2940 3.0
3607 3.0
23470 3.0
14287 3.0
3995 3.5
26771 3.0
3667 2.6666666666666665
3399 3.0
21780 3.5
23992 3.0
4387 3.0
2521 3.5
3412 3.5
4292 3.5
23794 3.0
23882 3.3333333333333335
2889 3.0
24419 3.0
25456 3.0
24982 3.0
25272 3.0
2912 3.3333333333333335
23590 3.0
20161 3.0
27995 3.0
9649 3.0
3046 3.5
5021 3.0
2850 3.0
2432 3.0
1896 3.0
4320 3.5
1160 3.5
2205 3.0
1986 3.0
23449 3.0
23062 2.8333333333333335
971 3.0
21751 3.5
733 3.0
21448 3.0
2463 3.0
2532 3.5
24988 2.888888888888889
21725 3.5
795 3.0
22238 3.5
21716 3.0
12499 3.3333333333333335
27329 3.0
21184 3.0
23775 3.0
25931 3.0
25882 2.6
4565 1.5714285714285714
25476 3.0
23868 3.3333333333333335
25755 3.3333333333333335
1610 2.857142857142857
27121 3.6666666666666665
26548 3.5
26082 3.0
27557 3.3333333333333335
305 3.3333333333333335
3326 3.0
28025 2.6666666666666665
2775 3.0
26988 3.4
24297 3.0
26111 3.5
24448 3.0
25408 1.625
404 3.0
27916 3.0
3531 3.0
22525 2.6666666666666665
24373 3.0
22001 3.0
4836 3.0
4937 3.3333333333333335
1574 3.0
25075 3.5
26041 3.0
1228 3.4
1668 3.0
7956 2.8
26099 3.5
1159 3.5
1874 3.2
555 3.25
26766 3.0
27669 3.0
27900 3.0
928 3.0
864 3.0
800 3.5
23942 3.0
2896 3.0
24743 3.0
24531 3.0
217 3.0
22943 3.0
3062 3.5
23183 3.5
249 2.5
23892 3.0
27371 3.0
27602 3.5
2441 3.0
1273 2.6666666666666665
26699 3.6666666666666665
1297 3.5
64 3.0
24710 3.0
4618 3.0
27727 3.0
24270 2.25
3843 3.0
329 3.0
511 2.3333333333333335
422 2.5
23834 3.5
23837 3.0
421 3.3333333333333335
24692 2.0
21923 3.5
26389 3.0
4561 3.0
25815 3.0
22962 3.0
24084 2.75
1140 3.0
3380 3.0
2096 3.6666666666666665
27559 1.8571428571428572
22529 3.0
8519 3.0
1822 3.0
2386 3.0
24020 3.5
23680 3.0
25518 3.5
1833 3.0
27981 3.0
21372 3.0
3975 3.0
7404 3.0
25229 3.0
21208 3.0
23010 3.0
3801 3.5
23228 3.0
23895 3.0
23816 3.5
21776 3.0
3536 3.0
24703 3.0
27358 3.0
21518 3.0
22955 3.0
3291 3.0
2111 3.0
21497 3.3333333333333335
3544 3.25
3249 3.0
2728 2.5
25711 3.0
214 2.3333333333333335
27965 3.6666666666666665
348 3.5
27983 3.3333333333333335
2832 3.0
129 2.75
252 3.5
115 3.3333333333333335
522 3.0
265 3.0
27598 3.0
27968 3.0
21588 3.0
1568 3.5
3215 3.5
27951 3.0
2169 3.0
113 3.0
13435 2.888888888888889
24073 3.0
25563 3.5
23983 3.0
363 3.0
28017 3.0
548 3.0
232 3.3333333333333335
22393 3.0
24464 3.0
1750 3.0
281 3.25
24312 3.0
1898 3.0
22866 3.0
26159 3.0
23886 2.75
718 3.0
156 3.5
3161 3.0
2119 3.3333333333333335
2572 3.0
8734 3.0
25451 3.5
26219 2.3333333333333335
25679 3.0
2280 3.0
2987 3.0
3137 3.0
4141 3.0
20894 3.0
25746 3.6666666666666665
23534 3.0
2063 3.0
27018 3.0
27589 3.0
24900 3.5
1400 3.3333333333333335
23603 3.5
24006 3.5
636 3.5
2159 3.0
25249 3.0
25089 3.0
27871 3.0
712 3.0
337 3.0
655 3.0
332 3.0
27856 3.0
22863 2.5714285714285716
24256 3.0
20843 3.5
25311 3.5
24879 2.3333333333333335
24525 3.0
25998 3.0
1520 3.0
1205 3.3333333333333335
25908 3.0
2886 3.0
23070 3.0
2098 3.5
27931 3.3333333333333335
26406 3.0
1196 3.0
26032 3.0
5284 3.0
24989 3.0
25014 3.0
1813 3.0
8130 3.0
28228 2.6
22474 3.0
2570 3.0
21624 3.0
21422 3.3333333333333335
24337 3.0
24369 3.0
4573 3.5
11402 3.5
5010 3.0
128 3.5
1726 3.25
25480 3.5
25892 3.5
26992 3.5
28179 3.5
104 3.0
2641 3.0
23151 3.5
4588 3.0
1277 3.5
27935 3.0
1989 3.0
2035 3.0
25195 3.0
2593 3.0
24852 3.0
25668 3.5
19632 3.0
4332 3.0
2682 3.0
27181 3.0
12070 3.0
2007 3.0
1305 3.0
24720 3.0
24338 3.0
757 2.6666666666666665
26689 3.0
27918 3.0
1628 3.0
7706 3.0
25304 3.0
116 2.3333333333333335
1630 3.0
93 3.3333333333333335
25540 3.0
1811 3.0
22107 3.0
2720 3.0
334 3.0
70 3.0
22475 2.3333333333333335
272 3.0
22905 3.0
4809 3.0
1838 3.5
28001 3.0
1438 3.0
1354 3.0
23948 3.0
21910 3.0
27170 3.0
2193 3.0
27758 3.0
2898 3.0
24914 3.0
69 3.0
27333 3.0
27335 3.0
27334 3.0
27573 3.0
27910 3.5
27331 3.5
25105 3.0
4498 3.0
15520 3.5
18864 3.3333333333333335
22247 3.0
114 3.0
1864 3.5
4398 3.0
4358 3.0
26053 3.0
27502 3.0
24638 3.5
25736 3.0
1845 3.0
23721 3.0
27425 3.5
24055 3.5
27661 3.5
2977 3.0
25541 3.0
25356 3.0
27759 3.0
25568 3.0
23665 3.5
1856 3.5
26076 3.0
24828 3.0
22653 3.0
2244 3.0
1444 3.0
16753 3.0
24527 3.0
1536 3.0
22966 3.5
23383 3.0
313 3.0
559 3.0
27357 3.0
26381 3.0
25952 3.0
25339 3.5
143 2.3333333333333335
2592 3.0
25745 2.6
4669 3.0
25430 3.0
24713 3.0
22654 3.0
27884 3.0
4152 3.0
24973 3.0
2620 2.3333333333333335
634 2.75
24521 3.0
26156 3.0
25672 3.0
25659 3.0
23155 3.0
24165 3.0
134 3.0
63 3.0
23204 3.0
23725 3.0
1595 3.5
25146 3.0
27878 3.0
24131 2.6
24589 3.0
21746 3.5
330 3.0
2799 3.0
3610 3.0
24614 3.0
25351 3.0
23805 3.0
3038 3.0
3354 3.0
3683 3.0
23189 3.0
25218 3.0
1855 3.0
2242 3.0
27445 3.0
24811 3.0
24207 3.0
3924 3.0
22326 3.0
25740 3.0
22521 3.0
2471 3.0
25636 3.0
2895 3.0
610 3.0
25337 3.0
23977 3.0
3497 3.0
2294 3.0
24702 3.0
3200 3.0
25478 3.0
25025 3.0
2369 3.0
24907 3.0
27140 3.5
24117 3.0
24742 3.0
25756 3.5
2277 3.0
25967 3.0
14272 3.0
25817 3.0
12695 3.0
2568 3.0
23557 3.0
24909 3.0
28008 3.0
25516 3.0
26495 3.5
25835 3.0
22902 3.0
25823 3.0
1559 2.3333333333333335
25225 3.0
24288 3.0
26402 3.0
25170 3.0
1426 3.0
1942 3.0
2933 3.0
23993 3.5
25695 3.0
25852 3.0
23925 3.0
2250 3.5
2012 3.5
25524 3.0
24831 3.0
1585 3.0
23485 3.0
996 3.3333333333333335
24035 3.0
137 3.0
24124 3.0
2678 3.0
21429 3.0
26229 3.0
1044 3.0
1718 3.0
23851 3.0
23631 3.0
3151 3.0
625 3.0
4435 3.0
376 3.5
26024 3.0
3268 2.75
22071 3.0
3917 3.3333333333333335
292 3.0
1424 3.5
22669 3.0
938 3.3333333333333335
27679 3.0
81 3.0
27453 3.0
26029 3.0
211 2.25
24595 2.75
184 3.0
24252 3.0
23763 3.0
26163 3.0
21973 3.5
24398 3.0
24629 3.0
3457 3.0
1905 3.0
275 3.0
298 3.0
27582 3.0
706 3.0
27254 3.0
23574 3.0
21819 3.0
2633 3.0
25307 3.3333333333333335
25128 3.5
1915 3.0
4045 3.0
23083 3.0
25061 3.0
1733 3.5
2552 3.3333333333333335
22925 3.0
26998 3.0
24858 3.0
2157 3.0
23495 3.0
340 3.3333333333333335
24935 3.0
23399 3.0
17714 3.0
3469 3.5
24625 3.0
25403 3.5
24410 3.0
4918 3.0
2240 3.0
20790 3.0
21368 3.0
1060 3.0
4302 3.0
22904 3.0
22245 3.0
26128 3.0
3631 3.0
3696 3.0
25015 3.0
2054 3.0
23524 3.0
23248 3.0
23667 3.0
25329 3.0
24827 3.0
2091 3.0
24823 3.0
28009 3.0
23536 3.0
573 3.0
3159 2.75
23019 3.0
23339 3.0
23223 3.0
22714 3.0
233 3.0
24580 3.0
2829 3.0
21778 3.0
6967 3.5
25125 3.0
21937 3.0
27178 3.0
3313 3.0
184 3.0
28168 2.0
28158 3.3333333333333335
947 3.0
22146 3.0
3528 3.0
2279 3.0
23815 3.0
22268 3.0
21655 3.0
1029 3.0
1022 3.0
24847 3.0
21656 3.0
1892 3.5
24358 3.0
23120 3.0
1824 3.0
2818 3.5
25270 3.0
3466 3.0
22888 3.0
26019 3.0
2549 3.0
21266 3.0
3118 3.0
1545 3.5
3369 3.0
22389 3.0
484 3.0
23402 3.0
1298 3.0
1625 3.0
2411 3.0
5266 3.0
1753 3.0
25108 3.0
25800 3.5
3055 3.0
28071 3.0
27754 3.0
3538 3.0
25048 3.0
22282 3.0
22147 3.0
25167 3.0
1739 3.0
3205 3.0
20185 3.0
22670 3.5
22175 3.5
1866 3.5
22316 3.0
3678 3.0
3793 3.0
1168 3.25
26197 3.0
27680 3.0
27169 3.0
2108 3.0
25008 3.0
2476 3.0
28167 3.5
25483 3.0
24825 3.0
27974 3.0
24510 3.0
25080 3.0
23810 3.0
10071 3.0
3348 3.0
24168 3.0
18042 3.0
4296 3.0
25062 3.0
22437 3.0
20842 3.0
25942 3.0
27815 3.0
2746 3.5
2821 3.0
4607 3.0
25031 3.0
22219 3.0
7474 3.0
25633 3.0
21541 3.5
26112 3.0
3347 3.0
148 3.0
2739 3.0
26629 2.3333333333333335
1139 3.0
25274 3.5
4334 3.5
41 3.0
27102 3.0
2108 3.5
27310 3.0
27742 3.0
27460 3.0
854 3.0
2598 3.0
25165 3.0
24801 3.0
23093 3.0
7496 3.0
2147 3.3333333333333335
25473 3.0
2358 3.5
1490 3.5
27477 3.5
25517 3.5
26700 3.0
21591 3.0
24643 3.0
26911 3.0
21801 3.0
172 3.5
827 3.5
2005 3.0
19002 3.3333333333333335
23782 3.0
26380 3.0
2052 3.0
25491 3.0
26936 3.0
25494 3.0
2190 3.0
2862 3.0
7510 3.0
11152 3.0
2748 3.0
26132 3.0
3559 3.0
22848 3.0
23199 3.5
1053 3.0
24644 3.0
26549 3.0
13957 3.0
23905 3.0
2073 3.0
1883 3.0
27854 3.0
25989 3.0
27429 3.0
23021 3.0
22586 3.0
4964 3.0
27837 3.0
740 3.0
24365 3.0
27824 3.5
26198 3.0
21222 3.0
21220 3.0
231 3.0
27646 3.0
22539 3.0
21187 3.0
16028 3.0
23234 3.0
1909 3.0
21196 3.0
4474 3.0
28157 3.0
27511 3.0
2688 3.0
23256 3.0
551 3.0
21088 3.0
3580 3.0
27120 3.0
27117 3.0
27919 3.5
27123 3.0
27564 3.0
4750 3.0
25060 3.0
25392 3.0
27737 3.0
22158 3.0
25608 3.0
25520 3.0
25262 3.0
25010 3.0
2420 3.0
704 3.0
383 3.5
27681 3.0
27155 3.0
27158 3.5
27157 3.0
27912 3.0
1064 3.0
28011 3.0
24725 3.0
23719 3.0
27967 3.0
22915 3.0
3502 3.5
25853 3.0
2114 3.0
14118 3.0
2440 3.0
19749 3.0
25251 3.0
26068 3.0
20783 3.0
24434 3.0
3797 3.5
2938 3.0
21369 3.0
331 3.5
1591 3.0
21874 3.0
27693 3.0
25464 3.0
22939 3.0
25005 3.0
24115 3.0
3774 3.0
2788 3.0
2251 3.5
25796 3.0
22797 3.0
52 3.0
24 3.0
27717 3.0
259 3.0
21249 3.0
21870 3.0
27353 3.0
1623 3.0
592 3.0
24613 3.0
14571 3.0
1221 3.0
1059 3.0
3519 3.0
333 3.0
21909 3.0
393 3.0
572 3.0
3449 3.0
314 3.0
2494 3.0
27864 3.0
670 3.0
438 3.0
27790 3.0
324 3.0
27351 3.0
2124 3.0
2669 3.0
179 3.0
21900 3.0
20870 3.0
4922 3.0
18929 3.0
4723 3.0
22496 3.0
7384 3.0
1519 3.0
